"mtry","splitrule","min.node.size","ROC","Sens","Spec"
2,"gini",1,0.928724010259841,0.907213114754098,0.810612244897959
2,"gini",3,0.929941697334672,0.900655737704918,0.81469387755102
2,"gini",5,0.929386283037805,0.913934426229508,0.81469387755102
2,"gini",7,0.927796966655515,0.903989071038251,0.80669387755102
2,"extratrees",1,0.929637426117988,0.900546448087432,0.818775510204082
2,"extratrees",3,0.929590119326419,0.903879781420765,0.806612244897959
2,"extratrees",5,0.928784699453552,0.903879781420765,0.818775510204082
2,"extratrees",7,0.929041530054645,0.900601092896175,0.81869387755102
4,"gini",1,0.925055023976804,0.884043715846995,0.822612244897959
4,"gini",3,0.926343459350953,0.890655737704918,0.838857142857143
4,"gini",5,0.925942098806736,0.884043715846995,0.82269387755102
4,"gini",7,0.927126798260288,0.887377049180328,0.826775510204082
4,"extratrees",1,0.92995768930523,0.903879781420765,0.814775510204082
4,"extratrees",3,0.929431448645032,0.900710382513661,0.80669387755102
4,"extratrees",5,0.927227723876436,0.907213114754098,0.80269387755102
4,"extratrees",7,0.928868540202966,0.907267759562841,0.80269387755102
6,"gini",1,0.920628326084532,0.880710382513661,0.822775510204082
6,"gini",3,0.921413259730122,0.884043715846995,0.82269387755102
6,"gini",5,0.92166381175421,0.877377049180328,0.81869387755102
6,"gini",7,0.922793844095015,0.884043715846995,0.82669387755102
6,"extratrees",1,0.92713462696554,0.887267759562842,0.81469387755102
6,"extratrees",3,0.926408676257388,0.887267759562842,0.806530612244898
6,"extratrees",5,0.927181532285045,0.887322404371585,0.806775510204082
6,"extratrees",7,0.927553674584588,0.910491803278689,0.790612244897959
8,"gini",1,0.915538150998104,0.867595628415301,0.822775510204082
8,"gini",3,0.915779859484777,0.877431693989071,0.82269387755102
8,"gini",5,0.916934448533512,0.884043715846995,0.810612244897959
8,"gini",7,0.918465819114531,0.880710382513661,0.818530612244898
8,"extratrees",1,0.923919393331103,0.883989071038251,0.802448979591837
8,"extratrees",3,0.925533612133378,0.877322404371585,0.818775510204082
8,"extratrees",5,0.924863142634103,0.893879781420765,0.810612244897959
8,"extratrees",7,0.925011419649827,0.890601092896175,0.802612244897959
