"mtry","splitrule","min.node.size","ROC","Sens","Spec","ROCSD","SensSD","SpecSD"
2,"gini",1,0.928724010259841,0.907213114754098,0.810612244897959,0.0302802648941263,0.0252000861688719,0.0579843291242557
2,"gini",3,0.929941697334672,0.900655737704918,0.81469387755102,0.0296796128150859,0.0367293812691678,0.0536567833145863
2,"gini",5,0.929386283037805,0.913934426229508,0.81469387755102,0.031527183535538,0.0292202863882615,0.0536567833145863
2,"gini",7,0.927796966655515,0.903989071038251,0.80669387755102,0.0308795181846914,0.0374050601269018,0.059100997848504
2,"extratrees",1,0.929637426117988,0.900546448087432,0.818775510204082,0.0316442143589108,0.0388646196181929,0.0502944267565057
2,"extratrees",3,0.929590119326419,0.903879781420765,0.806612244897959,0.0292656861384387,0.0377169933938479,0.04545150419571
2,"extratrees",5,0.928784699453552,0.903879781420765,0.818775510204082,0.0302299070198027,0.0395153195553377,0.0502944267565057
2,"extratrees",7,0.929041530054645,0.900601092896175,0.81869387755102,0.0299891172495265,0.0451797251064188,0.0484369601513628
4,"gini",1,0.925055023976804,0.884043715846995,0.822612244897959,0.02958256244607,0.03097967901399,0.0459819061529756
4,"gini",3,0.926343459350953,0.890655737704918,0.838857142857143,0.0300163094001144,0.0278731379968641,0.0511812973441885
4,"gini",5,0.925942098806736,0.884043715846995,0.82269387755102,0.0319179358017009,0.0331455789012462,0.0629515590924477
4,"gini",7,0.927126798260288,0.887377049180328,0.826775510204082,0.0310728102901584,0.0317706816591161,0.0413159220447839
4,"extratrees",1,0.92995768930523,0.903879781420765,0.814775510204082,0.0295889030825883,0.0503357000724404,0.042394391902778
4,"extratrees",3,0.929431448645032,0.900710382513661,0.80669387755102,0.0295987194787272,0.0448793259896026,0.0427428992375964
4,"extratrees",5,0.927227723876436,0.907213114754098,0.80269387755102,0.0307414084350369,0.0380236194277637,0.0421176235173059
4,"extratrees",7,0.928868540202966,0.907267759562841,0.80269387755102,0.0302368905141527,0.0444481022114529,0.0421176235173059
6,"gini",1,0.920628326084532,0.880710382513661,0.822775510204082,0.0332901415215056,0.0319564691673832,0.0574825182124239
6,"gini",3,0.921413259730122,0.884043715846995,0.82269387755102,0.0318354187660094,0.03097967901399,0.0500517017158065
6,"gini",5,0.92166381175421,0.877377049180328,0.81869387755102,0.0328288698513319,0.0324794327799025,0.0370253804909523
6,"gini",7,0.922793844095015,0.884043715846995,0.82669387755102,0.0330061772518873,0.03097967901399,0.0464567978786513
6,"extratrees",1,0.92713462696554,0.887267759562842,0.81469387755102,0.0298665942813283,0.0398540141115228,0.045142192857791
6,"extratrees",3,0.926408676257388,0.887267759562842,0.806530612244898,0.0295006194642472,0.0460086898978836,0.0413878356075375
6,"extratrees",5,0.927181532285045,0.887322404371585,0.806775510204082,0.0304415339342958,0.0514280669368238,0.0491202063196803
6,"extratrees",7,0.927553674584588,0.910491803278689,0.790612244897959,0.0326721890867694,0.0476353406942798,0.0425479615207475
8,"gini",1,0.915538150998104,0.867595628415301,0.822775510204082,0.0339691488117401,0.0197172372984651,0.0453294663155378
8,"gini",3,0.915779859484777,0.877431693989071,0.82269387755102,0.0337241108165227,0.0251926792149674,0.032618093521688
8,"gini",5,0.916934448533512,0.884043715846995,0.810612244897959,0.0335010967122114,0.03097967901399,0.0413848165442331
8,"gini",7,0.918465819114531,0.880710382513661,0.818530612244898,0.0333983050246156,0.0319564691673832,0.0455880180375073
8,"extratrees",1,0.923919393331103,0.883989071038251,0.802448979591837,0.0317809917218469,0.0334839381924259,0.0520844155100679
8,"extratrees",3,0.925533612133378,0.877322404371585,0.818775510204082,0.0293473331418556,0.0328107836399449,0.0388977664513288
8,"extratrees",5,0.924863142634103,0.893879781420765,0.810612244897959,0.0301246479751294,0.0433667757309879,0.0296600199708809
8,"extratrees",7,0.925011419649827,0.890601092896175,0.802612244897959,0.034103403920895,0.0477331866243829,0.0425671432284601
