"C","sigma","ROC","Sens","Spec"
0.1,0.01,0.920425850340136,0.874098360655738,0.822938775510204
1,0.01,0.927366543994647,0.897213114754098,0.814857142857143
10,0.01,0.924199286271886,0.893825136612022,0.818775510204082
0.1,0.05,0.92385149994424,0.890601092896175,0.818938775510204
1,0.05,0.926006245120999,0.893825136612022,0.818938775510204
10,0.05,0.907910516337683,0.887431693989071,0.810530612244898
0.1,0.1,0.92224612467938,0.910437158469945,0.798775510204082
1,0.1,0.922995293855247,0.900491803278689,0.81469387755102
10,0.1,0.901299654287945,0.870874316939891,0.810530612244898
